[Original]
Time Stamps:
12.352 25.228 37.528 49.604 61.914 76.329 90.055 104.85 121.476 136.437 151.51 167.115 182.279 197.487 212.839 228.336 243.689 259.082 275.33 291.299

Cost Record:
#0: 51697922.374840
#1: 43856312.947706
#2: 43052124.110584
#3: 42505861.528741
#4: 42276584.256776
#5: 42172411.776342
#6: 42052504.524320
#7: 41995347.324237
#8: 41972906.729350
#9: 41938435.990400
#10: 41918947.050392
#11: 41906494.462536
#12: 41897514.914642
#13: 41890525.928601
#14: 41885166.113705
#15: 41882635.965185
#16: 41880727.464756
#17: 41880035.313361
#18: 41879413.945883
#19: 41878960.564170

[Modified]
totalCost2 = [4.458e+07 4.161e+07 4.092e+07 4.067e+07 4.052e+07 4.041e+07 4.024e+07 4.017e+07 4.013e+07 4.011e+07 4.009e+07 4.009e+07 4.008e+07 4.008e+07 4.008e+07 4.007e+07 4.007e+07 4.007e+07 4.007e+07 4.007e+07];

totalCost4 = [4.458e+07 4.205e+07 4.124e+07 4.070e+07 4.047e+07 4.036e+07 4.024e+07 4.020e+07 4.017e+07 4.014e+07 4.011e+07 4.010e+07 4.009e+07 4.008e+07 4.008e+07 4.007e+07 4.007e+07 4.007e+07 4.007e+07 4.007e+07];
